   6.8000000e+01   3.4000000e+01  -5.2327832e-01
   1.2200000e+02   6.4000000e+01   2.0241350e+00
   2.1100000e+02   5.0000000e+01   1.3318599e+00
   1.7900000e+02   5.6000000e+01   1.2722974e+00
   2.8100000e+02   1.2200000e+02  -2.6576433e+00
   1.2500000e+02   6.7000000e+01  -1.7759617e-01
   1.3600000e+02   6.9000000e+01  -2.0232163e-01
   1.7700000e+02   7.1000000e+01   8.9919017e-01
   3.0400000e+02   1.8100000e+02  -2.7198054e+00
   2.9100000e+02   1.3000000e+02   6.1881477e-01
   9.3000000e+01   1.6900000e+02   7.6317960e-01
   4.4000000e+01   2.2400000e+02  -2.1498706e+00
   2.2800000e+02   2.2400000e+02  -2.2264920e+00
   6.9000000e+01   6.1000000e+01   2.8231424e+00
   6.7000000e+01   6.2000000e+01  -5.4230274e-01
   6.9000000e+01   6.3000000e+01   4.5037405e-01
   6.8000000e+01   3.4000000e+01   1.0000000e+00
   6.7000000e+01   3.5000000e+01   1.0000000e+00
   6.6000000e+01   3.6000000e+01   1.0000000e+00
   6.5000000e+01   3.7000000e+01   1.0000000e+00
   6.5000000e+01   3.8000000e+01   1.0000000e+00
   6.5000000e+01   3.9000000e+01   1.0000000e+00
   6.4000000e+01   4.0000000e+01   1.0000000e+00
   6.4000000e+01   4.1000000e+01   1.0000000e+00
   6.4000000e+01   4.2000000e+01   1.0000000e+00
   6.3000000e+01   4.3000000e+01   1.0000000e+00
   6.3000000e+01   4.4000000e+01   1.0000000e+00
   6.3000000e+01   4.5000000e+01   1.0000000e+00
   6.2000000e+01   4.6000000e+01   1.0000000e+00
   1.2200000e+02   6.4000000e+01   2.0000000e+00
   1.2300000e+02   6.3000000e+01   2.0000000e+00
   1.2400000e+02   6.3000000e+01   2.0000000e+00
   1.2500000e+02   6.3000000e+01   2.0000000e+00
   1.2600000e+02   6.2000000e+01   2.0000000e+00
   1.2700000e+02   6.2000000e+01   2.0000000e+00
   1.2800000e+02   6.2000000e+01   2.0000000e+00
   1.2900000e+02   6.1000000e+01   2.0000000e+00
   1.3000000e+02   6.0000000e+01   2.0000000e+00
   1.3100000e+02   6.0000000e+01   2.0000000e+00
   1.3200000e+02   5.9000000e+01   2.0000000e+00
   1.3300000e+02   5.8000000e+01   2.0000000e+00
   1.3400000e+02   5.7000000e+01   2.0000000e+00
   2.1100000e+02   5.0000000e+01   3.0000000e+00
   2.1200000e+02   5.0000000e+01   3.0000000e+00
   2.1300000e+02   5.0000000e+01   3.0000000e+00
   2.1400000e+02   5.0000000e+01   3.0000000e+00
   2.1500000e+02   5.1000000e+01   3.0000000e+00
   2.1600000e+02   5.1000000e+01   3.0000000e+00
   2.1700000e+02   5.1000000e+01   3.0000000e+00
   2.1800000e+02   5.2000000e+01   3.0000000e+00
   2.1900000e+02   5.2000000e+01   3.0000000e+00
   2.2000000e+02   5.2000000e+01   3.0000000e+00
   2.2100000e+02   5.3000000e+01   3.0000000e+00
   2.2200000e+02   5.3000000e+01   3.0000000e+00
   2.2300000e+02   5.4000000e+01   3.0000000e+00
   1.7900000e+02   5.6000000e+01   4.0000000e+00
   1.8000000e+02   5.7000000e+01   4.0000000e+00
   1.8100000e+02   5.7000000e+01   4.0000000e+00
   1.8200000e+02   5.7000000e+01   4.0000000e+00
   1.8300000e+02   5.7000000e+01   4.0000000e+00
   1.8400000e+02   5.8000000e+01   4.0000000e+00
   1.8500000e+02   5.8000000e+01   4.0000000e+00
   1.8600000e+02   5.8000000e+01   4.0000000e+00
   1.8700000e+02   5.8000000e+01   4.0000000e+00
   1.8800000e+02   5.9000000e+01   4.0000000e+00
   1.8900000e+02   5.9000000e+01   4.0000000e+00
   1.9000000e+02   5.9000000e+01   4.0000000e+00
   1.9100000e+02   5.9000000e+01   4.0000000e+00
   2.8100000e+02   1.2200000e+02   5.0000000e+00
   2.8100000e+02   1.2100000e+02   5.0000000e+00
   2.8000000e+02   1.2000000e+02   5.0000000e+00
   2.7900000e+02   1.1900000e+02   5.0000000e+00
   2.7900000e+02   1.1800000e+02   5.0000000e+00
   2.7800000e+02   1.1700000e+02   5.0000000e+00
   2.7800000e+02   1.1600000e+02   5.0000000e+00
   2.7700000e+02   1.1500000e+02   5.0000000e+00
   2.7700000e+02   1.1400000e+02   5.0000000e+00
   2.7600000e+02   1.1300000e+02   5.0000000e+00
   2.7600000e+02   1.1200000e+02   5.0000000e+00
   2.7500000e+02   1.1100000e+02   5.0000000e+00
   2.7500000e+02   1.1000000e+02   5.0000000e+00
   1.2500000e+02   6.7000000e+01   6.0000000e+00
   1.2500000e+02   6.8000000e+01   6.0000000e+00
   1.2400000e+02   6.9000000e+01   6.0000000e+00
   1.2400000e+02   7.0000000e+01   6.0000000e+00
   1.2400000e+02   7.1000000e+01   6.0000000e+00
   1.2400000e+02   7.2000000e+01   6.0000000e+00
   1.2400000e+02   7.3000000e+01   6.0000000e+00
   1.2400000e+02   7.4000000e+01   6.0000000e+00
   1.2400000e+02   7.5000000e+01   6.0000000e+00
   1.2400000e+02   7.6000000e+01   6.0000000e+00
   1.2300000e+02   7.7000000e+01   6.0000000e+00
   1.2300000e+02   7.8000000e+01   6.0000000e+00
   1.2300000e+02   7.9000000e+01   6.0000000e+00
   1.3600000e+02   6.9000000e+01   7.0000000e+00
   1.3600000e+02   7.0000000e+01   7.0000000e+00
   1.3600000e+02   7.1000000e+01   7.0000000e+00
   1.3600000e+02   7.2000000e+01   7.0000000e+00
   1.3500000e+02   7.3000000e+01   7.0000000e+00
   1.3500000e+02   7.4000000e+01   7.0000000e+00
   1.3400000e+02   7.5000000e+01   7.0000000e+00
   1.3400000e+02   7.6000000e+01   7.0000000e+00
   1.3400000e+02   7.7000000e+01   7.0000000e+00
   1.3400000e+02   7.8000000e+01   7.0000000e+00
   1.3400000e+02   7.9000000e+01   7.0000000e+00
   1.3400000e+02   8.0000000e+01   7.0000000e+00
   1.3400000e+02   8.1000000e+01   7.0000000e+00
   1.7700000e+02   7.1000000e+01   8.0000000e+00
   1.7800000e+02   7.2000000e+01   8.0000000e+00
   1.7900000e+02   7.3000000e+01   8.0000000e+00
   1.8000000e+02   7.4000000e+01   8.0000000e+00
   1.8100000e+02   7.5000000e+01   8.0000000e+00
   1.8200000e+02   7.6000000e+01   8.0000000e+00
   1.8300000e+02   7.6000000e+01   8.0000000e+00
   1.8400000e+02   7.7000000e+01   8.0000000e+00
   1.8500000e+02   7.7000000e+01   8.0000000e+00
   1.8600000e+02   7.8000000e+01   8.0000000e+00
   1.8700000e+02   7.8000000e+01   8.0000000e+00
   1.8800000e+02   7.9000000e+01   8.0000000e+00
   1.8900000e+02   7.9000000e+01   8.0000000e+00
   3.0400000e+02   1.8100000e+02   9.0000000e+00
   3.0400000e+02   1.8000000e+02   9.0000000e+00
   3.0400000e+02   1.7900000e+02   9.0000000e+00
   3.0300000e+02   1.7800000e+02   9.0000000e+00
   3.0300000e+02   1.7700000e+02   9.0000000e+00
   3.0200000e+02   1.7600000e+02   9.0000000e+00
   3.0200000e+02   1.7500000e+02   9.0000000e+00
   3.0100000e+02   1.7400000e+02   9.0000000e+00
   3.0000000e+02   1.7300000e+02   9.0000000e+00
   2.9900000e+02   1.7200000e+02   9.0000000e+00
   2.9900000e+02   1.7100000e+02   9.0000000e+00
   2.9800000e+02   1.7000000e+02   9.0000000e+00
   2.9800000e+02   1.6900000e+02   9.0000000e+00
   2.9100000e+02   1.3000000e+02   1.0000000e+01
   2.9200000e+02   1.3000000e+02   1.0000000e+01
   2.9300000e+02   1.3100000e+02   1.0000000e+01
   2.9400000e+02   1.3200000e+02   1.0000000e+01
   2.9400000e+02   1.3300000e+02   1.0000000e+01
   2.9500000e+02   1.3400000e+02   1.0000000e+01
   2.9500000e+02   1.3500000e+02   1.0000000e+01
   2.9500000e+02   1.3600000e+02   1.0000000e+01
   2.9500000e+02   1.3700000e+02   1.0000000e+01
   2.9600000e+02   1.3800000e+02   1.0000000e+01
   2.9600000e+02   1.3900000e+02   1.0000000e+01
   2.9700000e+02   1.4000000e+02   1.0000000e+01
   2.9700000e+02   1.4100000e+02   1.0000000e+01
   9.3000000e+01   1.6900000e+02   1.1000000e+01
   9.3000000e+01   1.7000000e+02   1.1000000e+01
   9.4000000e+01   1.7100000e+02   1.1000000e+01
   9.5000000e+01   1.7200000e+02   1.1000000e+01
   9.6000000e+01   1.7200000e+02   1.1000000e+01
   9.7000000e+01   1.7300000e+02   1.1000000e+01
   9.8000000e+01   1.7400000e+02   1.1000000e+01
   9.9000000e+01   1.7500000e+02   1.1000000e+01
   1.0000000e+02   1.7600000e+02   1.1000000e+01
   1.0100000e+02   1.7700000e+02   1.1000000e+01
   1.0200000e+02   1.7800000e+02   1.1000000e+01
   1.0300000e+02   1.7900000e+02   1.1000000e+01
   1.0400000e+02   1.8000000e+02   1.1000000e+01
   4.4000000e+01   2.2400000e+02   1.2000000e+01
   4.3000000e+01   2.2300000e+02   1.2000000e+01
   4.2000000e+01   2.2300000e+02   1.2000000e+01
   4.1000000e+01   2.2200000e+02   1.2000000e+01
   4.0000000e+01   2.2200000e+02   1.2000000e+01
   3.9000000e+01   2.2100000e+02   1.2000000e+01
   3.8000000e+01   2.2100000e+02   1.2000000e+01
   3.7000000e+01   2.2000000e+02   1.2000000e+01
   3.6000000e+01   2.1900000e+02   1.2000000e+01
   3.5000000e+01   2.1800000e+02   1.2000000e+01
   3.4000000e+01   2.1700000e+02   1.2000000e+01
   3.3000000e+01   2.1600000e+02   1.2000000e+01
   3.2000000e+01   2.1500000e+02   1.2000000e+01
   2.2800000e+02   2.2400000e+02   1.3000000e+01
   2.2700000e+02   2.2300000e+02   1.3000000e+01
   2.2600000e+02   2.2200000e+02   1.3000000e+01
   2.2500000e+02   2.2200000e+02   1.3000000e+01
   2.2400000e+02   2.2100000e+02   1.3000000e+01
   2.2300000e+02   2.2100000e+02   1.3000000e+01
   2.2200000e+02   2.2000000e+02   1.3000000e+01
   2.2100000e+02   2.1900000e+02   1.3000000e+01
   2.2000000e+02   2.1800000e+02   1.3000000e+01
   2.1900000e+02   2.1700000e+02   1.3000000e+01
   2.1800000e+02   2.1600000e+02   1.3000000e+01
   2.1700000e+02   2.1500000e+02   1.3000000e+01
   2.1600000e+02   2.1400000e+02   1.3000000e+01
   6.9000000e+01   6.1000000e+01   1.4000000e+01
   6.9000000e+01   6.0000000e+01   1.4000000e+01
   6.9000000e+01   5.9000000e+01   1.4000000e+01
   6.9000000e+01   5.8000000e+01   1.4000000e+01
   7.0000000e+01   5.7000000e+01   1.4000000e+01
   7.0000000e+01   5.6000000e+01   1.4000000e+01
   7.0000000e+01   5.5000000e+01   1.4000000e+01
   7.1000000e+01   5.4000000e+01   1.4000000e+01
   7.1000000e+01   5.3000000e+01   1.4000000e+01
   7.1000000e+01   5.2000000e+01   1.4000000e+01
   7.1000000e+01   5.1000000e+01   1.4000000e+01
   7.2000000e+01   5.0000000e+01   1.4000000e+01
   7.2000000e+01   4.9000000e+01   1.4000000e+01
   6.7000000e+01   6.2000000e+01   1.5000000e+01
   6.6000000e+01   6.3000000e+01   1.5000000e+01
   6.5000000e+01   6.4000000e+01   1.5000000e+01
   6.4000000e+01   6.5000000e+01   1.5000000e+01
   6.3000000e+01   6.6000000e+01   1.5000000e+01
   6.3000000e+01   6.7000000e+01   1.5000000e+01
   6.3000000e+01   6.8000000e+01   1.5000000e+01
   6.4000000e+01   6.9000000e+01   1.5000000e+01
   6.4000000e+01   7.0000000e+01   1.5000000e+01
   6.4000000e+01   7.1000000e+01   1.5000000e+01
   6.4000000e+01   7.2000000e+01   1.5000000e+01
   6.5000000e+01   7.3000000e+01   1.5000000e+01
   6.5000000e+01   7.4000000e+01   1.5000000e+01
   6.9000000e+01   6.3000000e+01   1.6000000e+01
   6.9000000e+01   6.4000000e+01   1.6000000e+01
   7.0000000e+01   6.5000000e+01   1.6000000e+01
   7.1000000e+01   6.6000000e+01   1.6000000e+01
   7.1000000e+01   6.7000000e+01   1.6000000e+01
   7.1000000e+01   6.8000000e+01   1.6000000e+01
   7.2000000e+01   6.9000000e+01   1.6000000e+01
   7.2000000e+01   7.0000000e+01   1.6000000e+01
   7.2000000e+01   7.1000000e+01   1.6000000e+01
   7.2000000e+01   7.2000000e+01   1.6000000e+01
   7.3000000e+01   7.3000000e+01   1.6000000e+01
   7.3000000e+01   7.4000000e+01   1.6000000e+01
   7.3000000e+01   7.5000000e+01   1.6000000e+01
